Record Start: 2024-07-25 12:36:50.533282
Playing: 2024-07-25 12:37:04.772293
Paused: 2024-07-25 12:37:33.873009
