Record Start: 2024-07-25 12:36:50.533282
Playing: 2024-07-25 12:37:04.772293
Paused: 2024-07-25 12:37:33.873009
Record Start: 2024-07-25 22:03:41.918543
Playing: 2024-07-25 22:04:39.713338
Paused: 2024-07-25 22:04:49.257507
